N=6	
S.no	# base 6
0	0
1	1
2	2
3	3
4	4
5	5
6	10
7	11
8	12
9	13
10	14
11	15
12	20
13	21
14	22
15	23
16	24
17	25
18	30
19	31
20	32
21	33
22	34
23	35
24	40
25	41
26	42
27	43
28	44
29	45
30	50
31	51
32	52
33	53
34	54
35	55
36	60
37	61
38	62
39	63
40	64
41	65
42	70
43	71
44	72
45	73
46	74
47	75
48	80
49	81
50	82



N=11	
S.no	# base 11
0	0
1	1
2	2
3	3
4	4
5	5
6	6
7	7
8	8
9	9
10	a
11	10
12	11
13	12
14	13
15	14
16	15
17	16
18	17
19	18
20	19
21	1a
22	20
23	21
24	22
25	23
26	24
27	25
28	26
29	27
30	28
31	29
32	2a
33	30
34	31
35	32
36	33
37	34
38	35
39	36
40	37
41	38
42	39
43	3a
44	40
45	41
46	42
47	43
48	44
49	45
50	46
